original matrix
   2.00   3.00   1.00   1.00   0.00   0.00   5.00
   4.00   1.00   2.00   0.00   1.00   0.00  11.00
   3.00   4.00   2.00   0.00   0.00   1.00   8.00
   5.00   4.00   3.00   0.00   0.00   0.00   0.00

pivoting on row 0 col 0
iter 1
   1.00   1.50   0.50   0.50   0.00   0.00   2.50
   0.00  -5.00   0.00  -2.00   1.00   0.00   1.00
   0.00  -0.50   0.50  -1.50   0.00   1.00   0.50
   0.00  -3.50   0.50  -2.50   0.00   0.00 -12.50

pivoting on row 2 col 2
iter 2
   1.00   2.00   0.00   2.00   0.00  -1.00   2.00
   0.00  -5.00   0.00  -2.00   1.00   0.00   1.00
   0.00  -1.00   1.00  -3.00   0.00   2.00   1.00
   0.00  -3.00   0.00  -1.00   0.00  -1.00 -13.00

solved
   1.00   2.00   0.00   2.00   0.00  -1.00   2.00
   0.00  -5.00   0.00  -2.00   1.00   0.00   1.00
   0.00  -1.00   1.00  -3.00   0.00   2.00   1.00
   0.00  -3.00   0.00  -1.00   0.00  -1.00 -13.00

answer error code = 0
